10,0.5111111111111111,0.5111111111111111,0.5111111111111111,0.5080808080808081,0.4939393939393939
20,0.7520408163265306,0.7612244897959184,0.7612244897959184,0.6918367346938776,0.7408163265306122
30,0.7628865979381443,0.8134020618556701,0.6979381443298969,0.8278350515463917,0.8319587628865979
40,0.5708333333333333,0.7229166666666667,0.66875,0.7135416666666667,0.725
50,0.7315789473684211,0.8147368421052632,0.7947368421052632,0.8294736842105264,0.8052631578947369
60,0.7957446808510639,0.8202127659574467,0.7627659574468085,0.7638297872340425,0.8085106382978724
71,0.5995694294940797,0.813778256189451,0.813778256189451,0.8094725511302476,0.8083961248654468
81,0.8204570184983678,0.8117519042437432,0.7965179542981502,0.8324265505984766,0.8618063112078346
91,0.7964796479647964,0.8107810781078107,0.7843784378437844,0.8217821782178218,0.8327832783278328
101,0.71412680756396,0.8197997775305895,0.7563959955506118,0.8353726362625139,0.8175750834260289
111,0.7795275590551181,0.8098987626546682,0.8098987626546682,0.8492688413948256,0.8740157480314961
121,0.7519908987485779,0.820250284414107,0.7656427758816837,0.8521046643913538,0.8794084186575655
131,0.8227848101265822,0.8181818181818181,0.859608745684695,0.8837744533947065,0.856156501726122
141,0.8463329452852153,0.8114086146682189,0.8253783469150174,0.8835855646100117,0.8114086146682189
151,0.8975265017667844,0.817432273262662,0.7385159010600706,0.9093050647820966,0.88339222614841
161,0.8545887961859356,0.8152562574493445,0.8200238379022646,0.8569725864123957,0.8784266984505363
171,0.8697225572979493,0.827503015681544,0.9010856453558505,0.9179734620024126,0.8781664656212304
181,0.894993894993895,0.8107448107448108,0.8327228327228328,0.8827838827838828,0.8901098901098901
191,0.7824474660074165,0.8207663782447466,0.7799752781211372,0.899876390605686,0.8763906056860321
201,0.8873591989987484,0.8122653316645807,0.7922403003754693,0.867334167709637,0.8873591989987484
211,0.8960709759188846,0.8124207858048162,0.8276299112801013,0.8783269961977186,0.8910012674271229
221,0.8562259306803595,0.8112965340179717,0.8510911424903722,0.8780487804878049,0.8818998716302953
231,0.9024707412223667,0.811443433029909,0.8322496749024707,0.9128738621586476,0.8881664499349805
241,0.8682476943346509,0.8155467720685112,0.8076416337285902,0.9117259552042161,0.8985507246376812
251,0.855807743658211,0.8197596795727637,0.8317757009345794,0.9012016021361816,0.8704939919893191
261,0.8633288227334235,0.8294993234100135,0.851150202976996,0.9269282814614344,0.8930987821380244
271,0.868312757201646,0.8093278463648834,0.8326474622770919,0.8724279835390947,0.877914951989026
281,0.8581363004172462,0.8066759388038943,0.8497913769123783,0.913769123783032,0.8998609179415855
291,0.8829337094499294,0.8180535966149507,0.7757404795486601,0.8871650211565585,0.9139633286318759
301,0.9027181688125894,0.8111587982832618,0.8125894134477826,0.9070100143061517,0.9227467811158798
311,0.8780841799709724,0.8316400580551524,0.8664731494920175,0.9390420899854862,0.9085631349782293
321,0.8718703976435935,0.8144329896907216,0.8939617083946981,0.9219440353460973,0.9072164948453608
331,0.8878923766816144,0.8056801195814649,0.8101644245142003,0.9237668161434978,0.9118086696562033
341,0.928679817905918,0.8315629742033384,0.8588770864946889,0.9347496206373292,0.91350531107739
351,0.884437596302003,0.8135593220338984,0.8828967642526965,0.9229583975346687,0.901386748844376
361,0.8732394366197183,0.8153364632237872,0.8810641627543037,0.917057902973396,0.8888888888888888
371,0.8744038155802862,0.8155802861685215,0.8775834658187599,0.9284578696343402,0.9220985691573926
381,0.851373182552504,0.7980613893376414,0.8562197092084006,0.8933764135702746,0.8917609046849757
391,0.8522167487684729,0.8210180623973727,0.8784893267651889,0.9178981937602627,0.9178981937602627
401,0.8464106844741235,0.8297161936560935,0.8781302170283807,0.9315525876460768,0.9148580968280468
411,0.8930390492359932,0.8132427843803056,0.8692699490662139,0.8930390492359932,0.9100169779286927
421,0.8670120898100173,0.8203799654576857,0.8272884283246977,0.918825561312608,0.924006908462867
431,0.8717047451669596,0.8066783831282953,0.8646748681898067,0.9156414762741651,0.9033391915641477
441,0.9159212880143113,0.8014311270125224,0.9087656529516994,0.9284436493738819,0.9177101967799642
451,0.8469945355191257,0.819672131147541,0.8469945355191257,0.930783242258652,0.9253187613843351
461,0.8645640074211502,0.7996289424860854,0.7755102040816326,0.9165120593692022,0.8756957328385899
471,0.8846880907372401,0.8071833648393194,0.9054820415879017,0.9281663516068053,0.9149338374291115
481,0.9094412331406551,0.8285163776493256,0.905587668593449,0.9094412331406551,0.9190751445086706
491,0.8919449901768173,0.8113948919449901,0.8899803536345776,0.9351669941060904,0.9214145383104125
501,0.8797595190380761,0.8036072144288577,0.8777555110220441,0.9298597194388778,0.9318637274549099
511,0.918200408997955,0.8220858895705522,0.8813905930470347,0.9243353783231084,0.9120654396728016
521,0.8684759916492693,0.7933194154488518,0.8643006263048016,0.9081419624217119,0.9102296450939458
531,0.8614072494669509,0.7974413646055437,0.8955223880597015,0.9275053304904051,0.906183368869936
541,0.9084967320261438,0.8061002178649237,0.8714596949891067,0.9172113289760349,0.9237472766884531
551,0.8708240534521158,0.8151447661469933,0.9064587973273942,0.9287305122494433,0.9287305122494433
561,0.9020501138952164,0.8291571753986333,0.8656036446469249,0.929384965831435,0.9157175398633257
571,0.8834498834498834,0.8158508158508159,0.8951048951048951,0.9207459207459208,0.9207459207459208
581,0.8902147971360381,0.8210023866348448,0.8758949880668258,0.9260143198090692,0.918854415274463
591,0.9168704156479217,0.8117359413202934,0.9119804400977995,0.9193154034229829,0.9168704156479217
601,0.9022556390977443,0.8095238095238095,0.8947368421052632,0.9348370927318296,0.9147869674185464
611,0.9023136246786633,0.8329048843187661,0.884318766066838,0.9254498714652957,0.9331619537275064
621,0.8812664907651715,0.8284960422163589,0.9023746701846965,0.9287598944591029,0.9366754617414248
631,0.8970189701897019,0.7723577235772358,0.8834688346883469,0.926829268292683,0.926829268292683
641,0.8885793871866295,0.8245125348189415,0.8941504178272981,0.9275766016713092,0.924791086350975
651,0.8882521489971347,0.8194842406876791,0.8968481375358166,0.9484240687679083,0.9426934097421203
661,0.9262536873156342,0.8200589970501475,0.9203539823008849,0.9321533923303835,0.9262536873156342
671,0.8814589665653495,0.8389057750759878,0.8723404255319149,0.9270516717325228,0.9179331306990881
681,0.9090909090909091,0.8213166144200628,0.890282131661442,0.9184952978056427,0.9310344827586207
691,0.941747572815534,0.8284789644012945,0.8576051779935275,0.948220064724919,0.9352750809061489
701,0.9063545150501673,0.8595317725752508,0.8695652173913043,0.9464882943143813,0.9264214046822743
711,0.903114186851211,0.8339100346020761,0.8996539792387543,0.9169550173010381,0.9204152249134948
721,0.8709677419354839,0.8028673835125448,0.9139784946236559,0.9247311827956989,0.935483870967742
731,0.8884758364312267,0.7881040892193308,0.8550185873605948,0.8810408921933086,0.929368029739777
741,0.9034749034749034,0.803088803088803,0.888030888030888,0.9189189189189189,0.9382239382239382
751,0.8875502008032129,0.8273092369477911,0.8594377510040161,0.9196787148594378,0.9156626506024097
761,0.9079497907949791,0.7824267782426778,0.891213389121339,0.9163179916317992,0.899581589958159
771,0.9039301310043668,0.8078602620087336,0.8864628820960698,0.9432314410480349,0.9432314410480349
781,0.8812785388127854,0.8082191780821918,0.8675799086757991,0.9269406392694064,0.9178082191780822
791,0.9138755980861244,0.8516746411483254,0.9330143540669856,0.9521531100478469,0.9090909090909091
801,0.9195979899497487,0.8442211055276382,0.9095477386934674,0.9396984924623115,0.9095477386934674
811,0.9206349206349207,0.7936507936507937,0.8994708994708995,0.91005291005291,0.9523809523809523
821,0.8938547486033519,0.8044692737430168,0.8994413407821229,0.9050279329608939,0.9385474860335196
831,0.9112426035502958,0.8284023668639053,0.9171597633136095,0.9408284023668639,0.9585798816568047
841,0.89937106918239,0.7987421383647799,0.8867924528301887,0.9308176100628931,0.949685534591195
851,0.8590604026845637,0.7986577181208054,0.8859060402684564,0.9194630872483222,0.9060402684563759
861,0.8848920863309353,0.7913669064748201,0.8992805755395683,0.9280575539568345,0.9496402877697842
871,0.9224806201550387,0.813953488372093,0.8914728682170543,0.9457364341085271,0.9224806201550387
881,0.8823529411764706,0.7394957983193278,0.8907563025210083,0.8823529411764706,0.9159663865546218
891,0.8715596330275229,0.7706422018348624,0.8807339449541285,0.926605504587156,0.926605504587156
901,0.898989898989899,0.7676767676767677,0.8686868686868687,0.9393939393939394,0.8888888888888888
911,0.9550561797752809,0.8764044943820225,0.9213483146067416,0.9550561797752809,0.9325842696629214
921,0.8734177215189873,0.7721518987341772,0.8860759493670887,0.9113924050632911,0.9493670886075949
931,0.8695652173913043,0.7246376811594203,0.8985507246376812,0.927536231884058,0.9420289855072463
941,0.864406779661017,0.8305084745762712,0.8983050847457628,0.9322033898305084,0.8983050847457628
951,0.8163265306122449,0.8163265306122449,0.8775510204081632,0.9387755102040817,0.9591836734693877
961,0.9230769230769231,0.8205128205128205,0.9487179487179487,0.9230769230769231,0.9230769230769231
971,0.9310344827586207,0.7931034482758621,0.9310344827586207,1.0,0.9655172413793104
981,0.8421052631578947,0.8421052631578947,0.9473684210526316,0.9473684210526316,0.8947368421052632
991,1.0,0.8888888888888888,1.0,1.0,1.0
